375 1
4062 2
4125 1
6062 3
6250 2
6437 1
8187 0
8437 3
10125 2
10375 1
12187 1
12312 3
14062 0
14312 2
16000 1
16250 3
18000 2
18250 1
20125 2
20375 0
22000 3
22062 1
22437 2
24187 1
24437 2
26250 0
28000 1
28062 3
28312 0
30062 2
30250 1
30375 2
32125 1
32187 2
32375 0
32437 3
34312 1
34437 2
36062 0
36375 3
38125 2
38187 1
40000 1
40187 3
40312 2
42062 1
42312 2
42437 0
44250 2
44375 1
46000 3
46312 0
46437 1
48125 2
48312 3
50000 0
50187 1
50437 2
52000 3
52250 1
52375 2
54062 1
54250 2
54312 0
54437 3
56187 0
56312 3
58062 0
58125 3
58437 2
60125 1
60250 3
60437 0
62000 2
62187 1
62187 2
64000 2
64062 1
64187 2
64312 1
66000 3
66187 0
66437 3
68000 1
68250 3
68437 2
70000 3
70062 2
72000 1
72125 2
72250 1
74125 3
74312 0
74437 3
76187 2
76437 0
78062 3
78312 2
80000 1
80062 3
80250 2
80312 1
82000 3
82062 2
82312 2
84062 3
84187 2
84250 1
84375 3
86000 2
86062 0
86250 2
86375 3
88000 1
88187 0
88312 2
88437 3
90000 1
90187 2
90187 3
90437 1
92062 1
92250 0
92312 3
92375 2
94062 1
94250 0
94375 3
96000 2
96187 1
96375 3
96437 0
98125 0
98125 3
102062 2
102125 1
102375 0
102375 3
104062 1
104062 2
104375 2
104437 1
106187 2
106375 1
108000 3
108125 0
108250 2
108437 1
110062 0
110250 3
110312 2
112000 1
112125 0
112437 3
114000 2
114125 1
114312 0
116062 2
116062 3
116312 1
116375 0
116375 1
118187 2
118375 1
118437 3
120125 1
120250 1
120312 1
122062 3
122312 2
122437 2
124187 1
124375 1
126000 0
126250 0
128187 3
128312 3
130000 1
130250 1
130312 2
130437 2
132062 0
132375 3
132437 2
134062 1
134250 1
134437 0
136125 0
136187 3
136312 2
136437 1
138125 1
138250 0
138312 3
138437 2
140000 1
140125 0
140187 3
140312 2
140375 1
142187 3
142250 2
142375 0
144000 3
144187 2
144312 1
144437 0
146250 3
146312 2
148062 1
148125 3
148187 0
148250 2
148375 1
148437 2
150062 1
150187 3
150250 0
150375 2
152000 1
152125 2
152250 3
152312 0
152437 2
154000 1
154125 3
154187 2
154312 0
154437 3
156000 2
156062 1
156187 0
156187 3
156250 2
156375 1
158062 3
158125 2
158187 0
158312 3
158437 2
160000 1
160125 3
160250 2
160375 1
162000 3
162187 2
162250 1
162312 2
164375 0
164437 3
166062 1
166125 2
166250 0
166375 3
168000 1
168062 2
168187 0
168312 3
168375 1
168375 2
170000 3
170187 1
170187 2
170312 3
170375 2
172000 1
172125 2
172250 1
172312 2
172375 1
174000 3
174125 0
174187 2
174312 1
174437 0
174437 3
176000 2
176125 1
176250 3
176312 1
176312 2
178000 2
178062 1
178125 3
178250 0
178312 2
178437 1
180062 3
180125 0
180250 2
180312 1
182000 3
182062 0
182187 1
182250 2
182375 1
184000 3
184187 2
184312 0
184437 3
186062 0
186250 2
186312 1
186437 3
