4070 1
4278 3
4434 2
6140 0
6372 1
8078 2
8223 3
10033 1
10171 0
10377 2
12018 3
12223 1
12315 3
14046 1
14406 1
16234 3
16497 0
18070 2
18393 1
20033 2
20140 3
20236 0
20398 2
20486 3
22080 1
22421 2
22486 3
24257 1
24424 1
24481 1
26026 1
26148 3
26229 2
26330 0
26447 1
28177 2
28208 3
28320 1
28408 2
30013 0
30075 3
30257 2
30328 1
30411 3
32072 2
32187 1
32268 0
34013 3
34083 2
34427 1
36119 0
36213 3
36286 2
36388 1
38000 3
38117 0
38377 1
38447 3
40046 2
40135 1
40242 0
40471 2
42049 3
42125 1
42403 0
42463 3
44187 1
44377 2
46015 3
46085 0
46411 0
48028 1
48221 2
48286 3
50072 1
50145 0
50489 2
52130 3
52236 1
52330 2
54164 1
54312 2
54388 1
54473 2
56346 1
58072 3
58125 0
58406 0
58463 3
60200 0
60304 3
60466 0
62033 3
62177 0
62278 3
62369 0
62445 3
64127 0
64145 0
64208 3
64403 1
64494 2
66075 1
66164 2
68059 3
68294 0
68361 3
70083 1
70166 2
70408 1
72007 2
72111 0
72205 3
72302 2
72380 1
74067 2
74148 3
74234 0
76070 2
76229 1
76320 3
78015 0
78247 1
78411 2
80000 1
80070 3
80218 2
80403 0
82072 1
82151 2
82231 3
82408 1
84005 3
84106 1
84236 2
84322 3
84408 1
86101 0
86177 3
86429 1
88000 2
88098 1
88221 0
88447 3
90195 1
90286 3
90369 0
90463 1
92049 2
92135 3
92341 0
92421 1
92489 3
94096 3
94166 0
94289 1
94486 2
96041 3
96140 1
96226 3
96338 1
96395 3
98148 1
98197 3
98315 1
98356 3
100039 0
100059 1
100351 2
100395 3
102028 1
102109 2
102447 1
102492 2
104132 1
104169 2
104333 1
104369 2
106023 0
106065 3
106315 0
106335 0
106341 3
108026 0
108026 3
108210 0
108216 3
110333 1
112054 2
112171 1
112393 2
114005 1
114054 2
114169 1
114210 2
114377 3
114427 0
116166 3
116377 3
118075 0
118216 3
118343 1
118466 2
120096 0
120263 1
120375 2
122135 2
122299 2
124002 1
124192 2
124356 1
126367 2
128010 1
128130 2
128273 1
128377 3
128447 0
130065 1
130171 2
130289 3
130432 0
132424 2
132486 1
134062 2
134174 3
134244 3
134325 3
134429 1
136080 2
136169 1
136265 2
136356 1
136442 2
138104 1
138257 2
138440 2
140000 1
140080 2
140265 3
140351 0
140424 3
140494 1
142078 2
142125 3
142268 2
142356 3
142450 2
144111 1
144252 3
146096 1
146169 2
146260 3
146343 1
146416 3
148268 1
148351 2
148429 1
150020 2
150046 1
150377 2
150455 3
152166 0
152218 3
152359 0
152390 3
154015 0
154049 3
154320 1
154346 2
156039 1
156067 2
156440 0
158000 3
158158 1
158252 2
158341 1
158447 2
160125 3
160234 0
160361 1
160447 2
162052 3
162125 0
162299 1
162419 2
162471 3
164041 0
164119 2
164208 3
164315 1
166010 2
166080 3
166148 0
166234 1
166307 2
166367 3
166466 0
168156 2
168208 3
168283 1
168476 2
170049 3
170156 1
170299 2
170401 3
170476 1
172229 2
172281 3
174033 1
174114 2
174216 1
174302 3
174489 0
176083 2
176169 1
176268 3
176343 0
176476 0
178184 1
178270 2
178351 3
178445 0
180049 0
180356 1
180447 2
182028 3
182119 0
182221 0
184044 2
184130 3
184216 1
184312 3
184406 0
186059 3
186205 0
186289 3
186369 0
186460 1
188031 2
188151 2
188393 1
188471 2
190052 3
190132 0
190226 1
190328 1
192059 2
192132 3
192226 0
192315 1
192414 2
194002 2
194234 1
194424 3
194473 0
196067 1
196153 2
196213 1
196398 1
