2291 1
2458 1
4250 1
4375 1
6041 3
6166 3
6375 1
8000 1
8291 1
8416 1
10125 3
10250 3
10458 0
12083 0
12291 2
12416 2
14125 1
14250 1
14458 1
16000 1
16333 3
16416 0
18000 3
18041 0
18208 1
18250 2
18458 1
18458 2
20166 3
20208 0
20458 0
20458 3
22208 2
22291 1
22333 2
22375 1
24125 2
24166 1
24250 2
24333 1
26083 2
26208 1
26375 2
26458 1
28375 3
28416 0
30000 1
30125 2
30333 1
32041 2
32166 3
32291 0
34000 1
34125 2
34250 3
34333 0
34458 1
36083 2
36208 3
36416 0
38000 1
38083 2
38208 3
38291 1
38416 2
40041 3
40125 0
40250 1
40375 2
40458 3
42083 0
42166 1
42208 1
42291 2
42416 0
44041 1
44208 0
44333 3
44458 1
46291 2
48000 3
48125 0
48208 1
48416 2
50041 1
50208 3
50375 3
52041 0
52166 0
52166 3
52291 0
52291 3
54041 1
54041 2
54250 1
54250 2
54458 0
54458 3
56041 0
56041 3
56166 0
56166 3
56250 0
56250 3
56375 1
56375 2
58333 1
58333 2
58416 1
58416 2
60041 1
60041 2
60291 2
60375 1
62000 2
62208 3
62291 1
62375 3
64125 0
64208 3
64333 1
66041 2
66166 3
66250 0
68000 1
68083 1
68208 1
68458 2
70166 2
70375 2
72083 3
72291 1
72416 2
74041 1
74291 3
74458 2
76166 1
76291 3
76375 2
78083 0
78208 1
78333 2
80041 3
80125 0
80250 1
82000 1
82083 2
82208 3
82416 3
84000 3
84125 3
84250 0
84333 0
84458 1
86083 2
86291 2
86375 1
88000 2
88250 1
88375 2
90000 1
90125 3
90208 0
90375 1
92083 2
92208 3
92291 0
94000 1
94125 1
94208 1
94458 2
96041 0
96166 1
98000 1
98000 2
98208 3
98333 2
98416 0
100208 3
100250 2
100333 1
100416 0
102125 3
102250 2
102416 1
104125 2
104208 1
104416 2
106000 0
106125 2
106250 1
106375 3
108000 2
108125 0
108250 2
108458 1
110166 2
110250 1
112291 3
112375 0
114166 1
114208 2
114458 1
116125 2
116250 1
116375 3
118000 0
118083 2
118208 1
120000 2
120083 1
120250 3
120333 0
120458 2
122083 1
122291 2
122416 3
124000 2
124125 1
124458 1
126250 1
128083 1
128250 2
128458 1
130041 2
130291 1
130333 2
132083 3
134000 1
134291 2
136041 1
136125 2
136458 0
138208 2
138416 1
140250 2
140416 0
142041 1
142166 3
144000 2
144291 1
146041 3
146166 2
146291 1
148083 1
148458 1
150375 1
152041 3
152166 2
154000 0
154125 1
154291 3
154416 2
156041 0
156125 3
156208 2
156291 1
156375 1
158125 2
158208 3
158291 0
158416 1
160041 2
160125 0
160250 1
160375 3
162000 0
162083 0
162208 0
162375 1
164000 2
164083 3
164333 2
164416 1
166041 0
166250 3
166375 2
166458 1
168208 3
168333 1
168458 0
170125 3
170250 2
170333 1
172083 3
172166 2
172291 0
174000 1
174125 2
174208 3
174458 1
176041 2
176166 3
176375 0
176458 0
178083 1
178291 2
178416 3
180041 1
180166 2
180250 3
180375 2
180458 1
182083 3
182208 1
184041 3
184125 0
184458 1
186083 3
186458 1
188416 0
190000 3
190083 1
192291 3
192416 1
194000 3
196041 1
196125 2
196208 0
196291 3
198041 1
198125 2
198416 3
200041 1
200125 2
200250 3
200375 0
200458 2
202083 1
202166 3
202416 1
204166 2
204458 1
206041 3
206291 0
208125 0
208208 3
210166 3
212083 1
214000 3
214458 1
216333 3
216458 1
218083 2
218208 0
218333 1
220041 1
220291 1
220458 2
222083 0
222208 1
222416 1
