250 1
2312 3
4125 0
6000 1
6187 2
8187 3
10000 0
10375 1
12062 2
14000 1
14312 2
14437 3
16125 0
16312 2
18000 1
18250 3
18437 2
20187 1
22125 2
22250 2
22375 2
24000 3
24187 3
24312 3
26000 0
26187 0
26187 3
26312 1
26375 2
28000 3
28187 1
28250 2
28375 3
28437 0
30062 2
30125 1
30250 3
30312 0
32000 1
32062 3
32187 0
32312 1
32437 3
34000 0
34187 1
34312 3
34375 2
34437 0
36062 1
36187 3
36312 2
36375 0
38000 1
38250 2
38250 3
38312 0
38437 1
40125 2
40312 1
40437 3
42000 0
42125 1
42312 2
44000 2
44187 2
44312 2
46000 0
46000 3
46187 1
46250 2
46312 2
48062 1
48125 2
48250 0
48312 3
48375 1
50000 2
50312 1
50312 2
52000 1
52062 2
52187 3
52312 0
52437 1
54000 2
54125 0
54125 3
54250 1
54375 2
56000 3
56062 1
56375 1
56375 3
58000 3
58250 1
58250 2
58375 3
58437 0
60062 3
60125 3
60187 3
60437 2
62062 1
62187 2
62312 0
62375 3
64062 1
64125 2
64250 0
64312 3
64437 1
64437 2
66062 0
66375 3
68125 0
68187 2
68250 1
68312 3
70062 1
70062 2
70187 2
70250 1
70375 1
70375 2
72062 3
72125 0
72250 1
72375 2
74000 3
74125 2
74312 1
74375 2
76062 1
76187 3
76250 0
76312 2
78000 1
78062 3
78125 0
78375 1
78375 2
80000 0
80250 0
80250 3
80375 3
82000 0
82062 1
82125 2
82187 1
82375 3
84062 0
84187 3
84375 1
84375 2
86125 3
86187 0
86312 1
86375 2
88000 3
88062 0
88250 2
88375 1
90250 3
90437 0
92000 3
92250 1
94000 2
94250 0
94250 3
94437 1
96000 2
96187 3
96375 2
96437 1
98125 3
98187 0
98375 1
100062 2
100187 1
100312 3
102000 1
102250 2
102312 3
104062 0
104187 1
106000 2
106062 3
106187 1
106250 2
106312 3
106375 0
108062 1
108125 2
108250 3
108312 0
110000 1
110062 2
110250 3
110312 0
110375 1
112062 2
112187 3
112250 1
112437 2
114000 3
114062 0
114187 1
114250 2
114312 3
114437 0
116187 1
116375 3
118000 1
118125 2
118312 2
120000 2
120187 1
120375 3
120437 0
122062 0
122250 3
122375 1
122437 2
124187 1
124375 2
126000 1
126125 1
126125 2
126187 0
126375 3
128000 2
128062 1
128250 2
128375 1
130062 3
130187 0
130250 1
132000 2
132250 1
132375 3
134000 0
134250 1
134437 2
136000 3
136312 1
136437 2
138125 1
138312 3
138437 0
140125 0
140312 0
142000 3
142125 3
142312 3
144000 0
144125 0
144312 2
146000 2
146125 1
146312 1
146437 3
148062 0
148187 1
148312 2
148437 1
150000 2
150125 0
150250 3
150312 1
150375 0
152000 2
152125 1
152125 2
152375 1
154000 2
154187 3
154312 0
154375 2
156000 1
156062 3
156250 1
156437 2
158000 3
158062 1
158187 2
158312 0
158375 3
160062 2
160125 1
160250 2
162000 1
162062 3
162125 0
162250 1
162375 2
162437 0
164125 3
164187 3
164250 3
166000 2
166125 1
166312 2
168000 1
168125 2
168250 1
168375 2
170000 1
170125 2
170312 2
170375 2
172000 1
172375 2
174000 2
174125 1
174250 3
174312 0
174437 1
176000 2
176125 2
176250 1
176375 1
178125 0
178125 3
178187 0
178312 1
178437 2
180000 2
180187 1
180250 3
180312 3
182000 1
182125 2
182250 0
182437 3
184062 2
184187 1
184250 2
184437 3
186125 2
186187 3
186250 2
186437 1
188062 1
188125 1
188250 3
188375 2
190000 2
190125 1
190312 3
192000 2
192062 2
192312 0
192375 3
192437 1
194000 1
194187 1
194312 1
196000 3
196187 2
196250 1
196375 2
196437 0
198062 3
198125 2
198187 1
198375 3
198437 2
200062 0
200125 1
200312 0
200312 2
202062 1
202187 2
202312 3
202437 0
204000 1
204250 2
204312 1
206062 0
206062 3
206250 0
206250 3
206437 1
206437 2
208125 1
208125 2
208312 0
208312 3
210062 1
210062 2
210250 0
210250 3
210312 1
210312 2
212125 0
212125 3
212312 1
212312 2
214000 0
214000 3
214187 1
214187 2
214437 0
214437 3
216187 1
216187 2
216375 0
216375 3
218062 2
218187 1
218375 2
218437 1
220375 2
220437 2
