2203 1
2481 0
4234 2
4463 3
6273 1
8161 0
8442 2
10270 3
12109 1
14026 0
14263 2
16091 3
16359 1
18151 0
18471 2
20257 1
20489 3
22229 2
24000 1
24265 2
26007 0
26273 2
28020 2
28273 1
30005 2
30466 3
32101 1
32234 2
32458 0
34083 1
34216 2
34330 1
34450 1
36182 3
36302 2
36460 0
38166 1
38294 2
38429 0
40174 1
40408 3
42026 3
42153 2
42367 1
44098 0
44364 1
44492 2
46106 3
46239 0
46354 1
48085 1
48320 2
48434 0
50075 1
50187 1
50335 2
52059 0
52299 1
54026 3
54158 2
54309 0
56020 3
56263 0
58005 3
58343 1
60059 2
60268 3
60455 2
62234 1
62463 0
64169 2
64294 1
64432 1
66153 3
66276 3
66403 0
68036 0
68158 1
68419 2
70049 2
70229 2
70390 2
72083 2
72200 1
72411 1
74054 1
74184 3
74333 0
74471 3
76078 3
76354 2
78065 2
78197 1
78317 1
80057 1
80190 1
80304 0
82023 0
82161 0
82283 1
82416 1
84041 1
84187 2
84468 2
86109 2
86229 3
86356 3
86497 3
88244 0
88252 3
88468 1
88468 2
90223 3
90231 0
90458 1
90458 2
92455 0
94059 0
94218 3
94325 3
94460 1
96174 1
96299 2
96432 2
98177 1
98388 2
100028 0
100151 3
100309 2
100406 0
102127 3
102354 1
104000 2
104130 0
104346 3
104466 1
106078 2
106317 0
108083 2
108317 3
108479 2
110080 1
110187 1
110309 1
112067 0
112221 0
112375 0
114067 1
114257 2
114497 1
116242 2
118023 0
118122 3
118239 2
118497 1
120111 0
120226 1
120341 1
122023 3
122213 2
122447 1
124174 2
126083 1
126182 3
126283 2
126460 1
128072 1
128190 0
130184 3
130283 2
130395 1
132166 0
134005 1
134125 3
134239 2
134367 0
134486 1
136122 1
140065 3
140184 2
140309 0
140434 2
142062 0
142195 3
142317 0
144031 0
144278 3
144484 2
146247 1
148000 2
148252 1
150007 3
150252 0
150484 2
152223 1
152434 2
154148 0
154351 3
154473 2
156065 2
156179 2
156429 1
158164 1
158291 1
158421 3
160036 2
160145 0
160364 0
160492 0
162114 1
162242 1
162375 2
164023 3
164138 2
164385 1
164494 1
166106 1
166208 0
166361 0
168111 3
168354 2
168458 1
170078 1
170200 1
170320 0
170447 3
172054 2
172299 1
172416 1
174052 0
174171 0
174270 1
174393 3
176010 2
176145 2
176268 2
178010 1
178125 1
178250 3
178375 0
178380 3
178486 1
178486 2
180234 0
180234 3
180455 1
180455 2
182213 0
182213 3
182216 2
182450 1
182468 2
186213 0
186317 1
186432 2
188039 3
188247 3
188406 2
190023 1
190125 0
190351 3
190476 2
192106 1
192239 0
192377 1
194075 2
194195 3
196028 1
196174 2
196226 0
196356 3
198049 1
198049 2
198299 0
198304 3
198380 2
198385 1
200028 0
200028 3
202046 2
202049 1
202296 3
202302 0
204046 2
204052 1
204296 2
204302 1
206028 3
206033 0
206148 2
206153 0
206460 1
208236 0
208236 2
208484 1
208486 3
210236 1
210242 3
210494 0
210494 2
212229 1
212231 3
212471 2
212476 1
214221 1
214231 2
214463 1
214466 2
216213 1
216437 0
218049 1
218385 0
218385 1
220369 2
220388 3
222132 1
222135 0
222367 2
222367 3
224122 2
224135 1
224356 0
224356 3
226096 3
226104 0
226341 2
226346 1
228083 3
228088 0
228317 1
228317 2
230065 0
230197 1
230445 2
232065 3
232171 0
232291 0
232395 1
234031 2
234153 1
234286 1
234393 0
236028 0
236143 3
236257 3
236395 2
238015 2
238161 2
238322 3
238434 3
240054 2
240239 1
240351 2
240473 0
242093 0
242213 1
242338 1
242460 2
244083 2
244216 3
244335 3
244471 1
246080 1
246234 2
246385 2
248041 0
248156 1
248411 2
250062 3
250164 2
250307 0
252127 2
252250 1
252398 3
254192 2
254283 1
254421 0
256088 2
256268 1
256393 3
258138 2
258223 1
258388 0
260083 1
260398 1
262031 1
262364 1
