416 1
2208 1
6000 1
6166 3
6333 1
8166 2
8458 0
10208 2
12000 1
12208 3
12458 2
14166 0
14416 1
16166 2
16416 1
18208 1
20041 3
20291 0
22041 1
22333 2
24041 1
24125 3
24250 0
24375 1
26000 1
26208 1
26458 2
28083 1
28208 3
28333 1
30000 2
30125 1
30250 3
30375 0
32000 3
32083 1
32416 2
34000 0
34166 3
34291 1
36291 1
38041 2
38166 3
38291 1
40083 1
40166 3
40250 3
40291 3
40333 3
40375 3
44166 1
44250 2
44333 3
44416 0
46000 1
46125 1
46208 3
46333 0
48083 2
48208 1
48208 3
48458 0
50083 1
50250 3
50333 1
50458 3
52166 1
52250 3
52375 1
52458 1
54125 3
54250 0
54375 1
54458 1
56083 3
56208 2
56333 1
58000 3
58083 0
58291 3
58333 0
60166 1
60208 3
60291 1
60416 3
62041 1
62166 2
62416 1
64041 2
64250 3
64375 0
66000 1
66125 2
66250 1
66375 2
68000 1
68208 3
68291 0
68458 2
70041 1
70208 3
70291 2
70416 1
72041 2
72208 1
72375 3
72458 2
74083 1
74208 2
74333 0
74458 3
76375 1
78000 2
78291 3
78416 0
80166 1
80375 2
82125 1
82333 2
84166 1
84416 2
86125 1
86375 2
88166 3
88416 1
90166 3
90458 1
92208 3
92375 2
94166 1
94250 3
94375 1
96000 2
96125 1
96250 2
98083 1
98125 2
98333 0
100000 3
100125 0
100208 3
100375 0
102000 3
102125 0
102208 3
104000 1
104125 2
104250 1
104333 2
104458 1
106083 3
106208 1
106333 3
106458 1
108083 3
108208 2
108291 0
108458 2
110041 0
110166 2
110291 0
110375 2
110416 0
112375 1
112416 2
114208 1
114250 2
116083 1
116208 2
116333 1
116458 2
118083 0
118166 0
118333 3
118458 3
120041 2
120166 1
120333 2
120416 1
122041 2
122208 2
122375 2
124000 1
124166 2
124250 3
124333 0
124458 2
126083 1
126208 3
126333 0
126458 1
128083 1
128250 1
128375 2
128458 0
130083 3
130250 2
130375 1
132041 3
132125 0
132250 3
132375 2
134000 1
134125 3
134291 2
134375 1
136083 2
136208 2
136333 2
138000 0
138083 3
138291 1
138416 2
140041 1
140250 2
140375 1
142000 2
142208 1
142291 2
142416 1
144041 2
144250 3
144333 0
144416 2
146041 1
146291 2
148041 1
148125 2
148291 3
148375 0
150000 1
150125 2
150291 1
150416 3
152041 2
152125 0
152250 1
152416 2
154000 3
154208 1
154333 3
154416 2
156041 0
156208 2
156291 3
158208 1
158291 0
158458 2
160000 3
160208 1
160250 0
162291 2
162375 0
162416 0
162458 3
164125 1
164250 2
164375 1
166000 2
166125 2
166250 2
166375 0
168041 3
168125 3
168250 3
168375 1
168458 1
170208 2
170333 2
170416 2
172125 0
172250 0
172375 0
174125 1
174250 1
174375 1
176041 3
176083 3
176291 1
176333 1
178208 2
178333 2
178458 0
180041 3
180166 1
180291 2
180416 3
182041 3
182291 1
182416 1
184000 1
184125 0
184250 0
184375 3
186000 3
186250 0
186375 0
186458 1
188083 1
188208 3
188333 3
188458 1
190041 1
190208 2
190333 2
190416 3
192041 0
192166 2
192291 2
192416 1
194083 1
194125 1
194166 1
